#01	20/07/2016	02	17	33	37	38	45
#02	22/07/2016	03	04	14	20	25	35
#03	24/07/2016	01	10	16	18	23	38
#04	27/07/2016	14	17	21	25	31	37
#05	29/07/2016	03	08	13	20	30	36
#06	31/07/2016	02	06	19	21	35	39
#07	03/08/2016	07	10	25	27	29	40
#08	05/08/2016	03	09	13	18	24	31
#09	07/08/2016	03	05	17	22	30	31
#10	10/08/2016	06	15	16	19	27	30
#11	12/08/2016	28	31	34	37	38	41
#12	14/08/2016	13	16	17	29	31	37
#13	17/08/2016	02	04	09	19	21	26
#14	19/08/2016	11	12	17	33	34	36
#15	21/08/2016	13	21	24	25	29	44
#16	24/08/2016	08	17	21	23	36	40
#17	26/08/2016	10	36	39	43	44	45
#18	28/08/2016	04	06	10	15	16	44
#19	31/08/2016	08	20	21	31	34	39
#20	02/09/2016	09	13	24	35	36	41
#21	04/09/2016	11	15	20	24	27	45
#22	07/09/2016	06	08	12	13	15	19
#23	09/09/2016	07	13	16	18	31	32
#24	11/09/2016	06	09	10	18	20	31
#25	14/09/2016	02	11	14	23	25	32
#26	16/09/2016	04	05	06	23	31	34
#27	18/09/2016	07	10	17	20	25	32
#28	21/09/2016	05	12	15	30	37	41
#29	23/09/2016	08	14	19	29	30	40
#30	25/09/2016	01	20	28	32	42	44
#31	28/09/2016	03	06	17	21	32	40
#32	30/09/2016	06	20	30	38	40	45
#33	02/10/2016	16	23	27	34	35	38
#34	05/10/2016	05	06	19	31	42	44
#35	07/10/2016	24	25	27	34	44	45
#36	09/10/2016	02	15	20	32	33	44
#37	12/10/2016	02	08	15	16	19	25
#38	14/10/2016	03	07	09	18	28	39
#39	16/10/2016	05	21	31	33	38	42
#40	19/10/2016	02	13	15	17	18	41
#41	21/10/2016	16	17	30	32	34	38
#42	23/10/2016	02	05	12	21	22	40
#43	26/10/2016	01	08	16	18	21	28
#44	28/10/2016	10	11	13	14	16	38
#45	30/10/2016	07	12	25	28	40	44
#46	02/11/2016	03	05	08	10	13	22
#47	04/11/2016	05	13	22	24	28	32
#48	06/11/2016	04	15	16	20	26	41
#49	09/11/2016	02	10	14	24	25	30
#50	11/11/2016	10	17	22	23	30	36
#51	13/11/2016	11	23	25	34	36	45
#52	16/11/2016	01	09	17	28	43	44
#53	18/11/2016	11	12	16	24	26	31
#54	20/11/2016	09	23	33	38	41	42
#55	23/11/2016	02	22	23	24	28	37
#56	25/11/2016	03	04	25	31	37	40
#57	27/11/2016	12	16	17	18	22	30
#58	30/11/2016	06	15	17	20	23	41
#59	02/12/2016	17	26	33	34	37	42
#60	04/12/2016	03	05	13	27	38	44
#61	07/12/2016	13	23	27	28	32	45
#62	09/12/2016	11	12	15	17	21	26
#63	11/12/2016	02	03	04	05	22	24
#64	14/12/2016	05	06	12	16	26	30
#65	16/12/2016	05	08	33	34	39	44
#66	18/12/2016	03	07	30	32	41	43
#67	21/12/2016	03	06	12	14	18	40
#68	23/12/2016	01	17	24	25	37	43
#69	25/12/2016	05	12	20	29	34	36
#70	28/12/2016	02	22	25	33	38	43
#71	30/12/2016	07	23	27	29	35	37
#72	01/01/2017	09	18	24	33	36	39
#73	04/01/2017	04	19	25	27	29	31
#74	06/01/2017	22	30	34	36	43	45
#75	08/01/2017	12	18	29	32	39	45
#76	11/01/2017	02	08	21	29	37	45
#77	13/01/2017	12	24	29	32	37	39
#78	15/01/2017	05	25	27	29	31	43
#79	18/01/2017	11	22	26	28	35	43
#80	20/01/2017	01	11	31	32	34	37
#81	22/01/2017	01	20	21	22	26	29
#82	25/01/2017	06	09	14	18	28	30
#83	29/01/2017	05	13	21	27	29	45
#84	01/02/2017	02	10	11	18	22	33
#85	03/02/2017	08	17	31	32	33	39
#86	05/02/2017	01	11	26	29	34	40
#87	08/02/2017	15	26	29	32	34	38
#88	10/02/2017	02	06	10	13	20	28
#89	12/02/2017	04	06	12	21	23	28
#90	15/02/2017	04	16	19	27	29	30
#91	17/02/2017	12	15	25	27	37	41
#92	19/02/2017	01	17	24	25	33	35
#93	22/02/2017	01	03	08	18	28	42
#94	24/02/2017	02	04	19	23	44	45
#95	26/02/2017	07	11	16	19	38	39
#96	01/03/2017	03	04	26	30	35	44
#97	03/03/2017	02	04	13	22	23	41
#98	05/03/2017	18	21	24	26	39	45
#99	08/03/2017	05	11	14	20	32	42
#100	10/03/2017	04	09	21	27	38	44
#101	12/03/2017	06	11	30	32	35	42
#102	15/03/2017	03	09	10	31	32	40
#103	17/03/2017	07	12	24	43	44	45
#104	19/03/2017	01	02	06	12	31	36
#105	22/03/2017	01	09	24	28	33	36
#106	24/03/2017	10	14	30	32	37	42
#107	26/03/2017	06	12	23	25	29	43
#108	29/03/2017	04	05	24	26	28	37
#109	31/03/2017	01	04	05	11	20	30
#110	02/04/2017	03	05	07	12	27	33
#111	05/04/2017	13	14	20	21	23	33
#112	07/04/2017	04	05	16	17	32	40
#113	09/04/2017	05	08	21	25	26	37
#114	12/04/2017	02	03	08	13	19	41
#115	14/04/2017	04	05	10	33	36	38
#116	16/04/2017	06	07	18	29	32	44
#117	19/04/2017	19	20	32	33	38	44
#118	21/04/2017	07	08	15	30	32	39
#119	23/04/2017	13	17	22	30	31	43
#120	26/04/2017	14	16	17	20	35	39
#121	28/04/2017	02	09	11	12	15	23
#122	30/04/2017	02	06	08	11	12	25
#123	03/05/2017	03	19	20	21	25	45
#124	05/05/2017	04	09	12	32	36	43
#125	07/05/2017	01	07	28	32	44	45
#126	10/05/2017	07	17	21	29	40	44